%YAML:1.0
---
image_width: 1280
image_height: 720
camera_matrix: !!opencv-matrix
   rows: 3
   cols: 3
   dt: f
   data: [ 9.72058899e+02, 0., 6.44348022e+02, 0., 9.71578430e+02,
       3.77905670e+02, 0., 0., 1. ]
distortion_coefficients: !!opencv-matrix
   rows: 1
   cols: 5
   dt: f
   data: [ 1.69934072e-02, 9.57889631e-02, -2.25722603e-03,
       2.20080861e-03, -3.25676560e-01 ]
